30.206112,16.966662,20.682376,32.481649,64.691112,33.252745,102.258658,89.623157,116.001483,82.057578,78.815799,116.914384,68.992232,55.433582,86.291351,2.000000
28.688887,16.650313,19.204065,32.944864,59.395881,30.239056,95.758402,85.826542,109.678575,76.404566,75.610551,112.86532,63.718058,53.174395,82.799743,2.000000
31.149816,17.718695,19.826434,31.720977,59.169041,31.175754,95.672395,90.142309,108.493668,79.74362,81.293922,114.078941,69.185729,58.932401,85.586724,2.000000
28.827894,16.75182,17.675484,32.5671,59.946997,30.809325,96.516348,91.352301,111.761994,80.864618,82.569061,116.034913,69.482136,57.798375,85.254495,2.000000
28.661838,15.910374,19.104363,31.512902,59.352319,31.652285,95.682939,87.907824,109.396929,78.570335,80.029491,113.432926,68.021689,56.875439,82.41984,2.000000
30.477124,15.856825,16.618402,30.554627,54.048313,31.069244,90.812145,85.685671,105.393332,75.93426,79.702783,112.811728,68.351652,56.917788,82.963099,2.000000
28.946599,19.341666,16.428747,32.96519,60.733525,32.924427,98.240305,87.874988,113.012567,79.477848,77.430066,116.730591,67.504133,53.961782,85.45432,2.000000
30.545245,18.745038,17.839822,32.684591,56.347787,31.556465,93.359864,87.920666,107.924511,77.957636,79.257242,112.957244,66.589677,55.356464,77.652434,2.000000
28.977617,15.349551,12.989837,31.397832,50.984085,29.445876,87.274424,82.686887,102.675439,73.934995,74.592616,110.353487,64.621285,48.134209,75.068295,2.000000
29.056283,16.213808,17.302163,30.957795,55.17843,30.067287,91.107928,84.714666,105.700126,75.859043,77.005677,113.052664,66.687825,53.309327,83.048363,2.000000
29.562543,17.859333,17.252713,32.360986,59.425593,29.931959,94.801786,90.258612,109.276904,78.77675,81.568221,114.267052,68.60018,57.103321,85.51474,2.000000
29.889848,18.652108,19.731137,32.761874,58.814226,30.301344,94.259239,88.530419,105.419603,78.985379,79.934622,113.343901,69.890388,54.384385,82.208836,2.000000
28.607878,17.618007,18.625805,32.203279,59.944871,32.91671,97.226382,87.501244,110.992553,79.126601,79.726625,116.730374,69.659716,56.066254,87.084077,2.000000
29.740297,16.712152,18.245831,31.80666,59.529477,32.678707,95.181852,85.945025,110.097467,77.024054,77.232613,114.696815,66.19686,55.554161,83.800545,2.000000
31.951918,17.548517,21.703085,33.085891,53.339362,28.809006,88.4655,89.995301,104.25638,77.510903,82.306032,112.877389,69.775516,59.210576,84.919238,2.000000
30.007459,17.642608,18.926401,32.623299,60.145892,32.649937,96.301226,87.3285,110.279417,79.693738,77.739275,116.685845,69.695394,50.380002,82.867716,2.000000
30.241144,18.123243,18.97255,31.53091,56.175736,31.355478,92.558168,86.796404,105.922563,77.149028,79.082934,113.385988,69.023199,55.995768,83.300447,2.000000
28.742155,16.694655,16.904373,32.271464,60.278074,33.587811,98.149579,88.351101,113.019862,79.539148,80.847944,117.304196,69.367903,56.876573,87.246135,2.000000
31.176616,18.097166,20.066528,32.429982,51.630626,30.752664,88.566823,86.38305,103.772724,75.833017,79.23513,112.849614,67.623381,55.261222,80.519798,2.000000
31.01373,17.514736,16.980776,32.480259,55.878706,32.108768,91.950673,86.555535,107.216416,77.310717,77.529436,112.745837,66.862264,55.736807,81.313978,2.000000
27.423372,15.441518,20.553373,31.702532,50.160942,30.330625,86.565786,80.515461,100.826537,71.268869,74.056307,108.778068,62.957561,50.429878,77.311296,2.000000
27.963572,15.933881,19.494042,30.958389,52.312291,31.879891,89.932035,81.321181,105.403183,73.420289,74.885352,112.353803,65.156957,50.96772,80.807097,2.000000
32.061085,17.129638,18.059925,31.098787,52.677163,29.777259,88.024781,88.589946,104.337647,77.043489,82.672582,113.253542,70.555181,61.424403,87.876311,2.000000
28.671715,15.804424,20.165583,30.510429,61.079747,31.925173,97.423935,92.676343,113.035931,83.584865,82.685621,115.640592,69.572737,60.526627,84.839933,2.000000
27.67759,14.785647,17.199913,29.446139,55.033295,31.914926,91.603062,85.806802,109.011465,76.538927,79.71541,114.668935,67.074766,57.495634,84.304737,2.000000
28.529389,15.839658,13.493271,31.627276,53.744377,32.428884,90.880558,82.65941,106.068934,74.067041,72.432003,110.823545,63.17471,47.878658,76.937129,2.000000
26.827738,14.690138,17.198421,30.445953,47.589714,28.302444,83.345066,80.737593,99.330436,71.814495,71.778554,108.081484,61.539932,47.504317,76.663358,2.000000
24.64682,16.747005,18.268586,32.205182,52.145302,28.578044,86.798918,81.892304,101.820509,72.852693,72.771211,109.602566,63.451849,48.652666,80.304939,2.000000
24.88247,15.389953,21.202721,29.379913,52.397084,31.518716,88.542191,81.557171,104.060533,73.711137,70.752488,109.353218,62.631906,44.01199,75.894278,2.000000
24.887305,17.021041,17.320019,30.84789,48.38277,28.997383,83.054358,78.20254,100.181979,69.471727,66.564858,106.127403,59.419253,42.998841,75.63622,2.000000
24.513637,15.477917,24.200626,29.718706,52.567596,31.741563,88.60475,80.062571,105.57622,71.710791,70.090739,109.514878,60.44233,47.99498,78.884988,2.000000
23.984691,14.321899,22.841748,26.693573,53.826565,35.26165,92.739188,78.615464,107.635093,72.290234,66.888897,107.612847,57.779285,45.229314,72.195846,2.000000
24.437733,15.586369,20.246567,26.249042,50.074115,39.788269,93.077481,71.610607,108.35914,66.015563,60.249255,106.308728,52.515046,41.130931,77.2005,2.000000
24.509596,15.38217,19.430355,24.520627,44.249167,36.098893,83.503729,68.372044,102.883704,62.139833,59.152494,104.937091,48.728067,44.652874,78.373772,2.000000
22.754851,17.276483,17.315919,25.164776,46.337237,37.290939,85.71572,67.680903,104.003305,61.219571,54.878676,100.601991,45.003797,38.957619,72.676418,2.000000
23.945468,16.644337,19.5279,25.864928,45.718377,38.855141,85.197905,68.660244,101.187275,59.888278,56.270656,96.653535,44.010919,42.713885,70.65638,2.000000
23.775494,17.12829,18.415236,26.755665,45.088787,38.478781,83.117691,66.662175,97.152107,57.07083,53.995421,93.01451,42.79229,39.834009,67.16435,2.000000
24.999933,17.300179,17.763278,26.243175,46.665172,39.531225,86.694696,69.453904,97.16742,58.248818,59.291793,96.918277,45.681416,46.064898,73.642673,2.000000
22.892561,15.559677,19.98777,26.507497,43.567698,37.614167,82.349435,71.465501,97.280741,60.852588,62.397064,97.598723,48.966249,46.567823,71.011197,2.000000
22.755437,16.498555,21.542969,24.545116,43.929745,38.95437,81.430117,69.619694,97.641764,58.683313,59.094969,95.596812,45.95389,43.704613,71.864884,2.000000
23.718002,16.377491,18.395029,25.883227,45.076501,41.672214,86.547611,70.270487,104.138011,60.152813,57.956175,99.332892,43.816175,44.645805,73.877044,2.000000
23.365711,15.28836,18.742997,25.000185,46.243414,42.180901,88.112795,70.372698,102.756142,59.774835,57.040537,96.83053,42.461331,43.421953,68.448119,2.000000
24.379289,14.882271,18.19953,24.642274,47.454084,44.904478,92.34943,72.036846,106.08608,62.652166,58.672507,100.666684,45.011658,42.621137,68.802251,2.000000
25.636853,19.754909,6.522087,39.730371,46.127017,31.356387,80.926471,94.45389,92.27837,64.073212,87.265782,91.71375,61.428396,66.739229,73.111022,2.000000
26.322412,19.990452,8.175666,39.836998,47.532219,29.645974,81.435206,95.167356,95.063162,65.969278,87.997864,95.412879,62.864339,66.118851,75.830545,2.000000
27.538009,21.032298,7.062889,39.634504,48.902106,31.557708,81.976917,96.390343,95.142094,65.51367,90.848692,95.189423,64.199682,70.199952,77.825547,2.000000
27.051862,18.787545,9.908555,39.206305,49.463379,29.000183,81.315499,94.96246,95.313764,65.512409,89.958218,96.829812,63.941206,68.954625,79.717031,2.000000
26.254599,19.630488,9.753713,39.241226,46.337473,27.98186,77.691743,92.323116,91.893869,62.475727,87.23767,93.573466,61.185781,66.664051,76.011628,2.000000
27.212978,18.34417,10.57527,40.245914,44.902097,27.619992,75.097501,94.195677,90.632802,62.438388,88.365378,90.498885,60.497308,65.61191,70.18683,2.000000
27.505026,18.021936,9.467341,40.450426,44.733757,25.998959,73.201378,95.09356,89.468168,62.968616,89.186497,89.383191,60.692916,66.451629,68.440818,2.000000
26.282449,10.921042,11.804152,22.816339,33.417345,16.228546,50.659899,51.465632,59.481128,42.977392,42.344686,62.214759,36.634911,32.907251,48.756301,2.000000
26.108802,10.311454,16.997517,20.391945,34.487891,18.260946,54.974642,54.285875,64.206812,45.537845,43.850177,66.102158,35.561534,36.711193,51.930987,2.000000
27.089057,11.297183,15.572251,23.237553,33.488514,17.996589,53.222694,53.819897,62.50781,45.507697,42.88576,65.469382,37.415477,34.003873,50.098748,2.000000
27.154647,10.892807,16.497503,21.182269,32.269521,18.822337,53.136655,53.654065,66.460014,45.894244,44.38711,70.212874,37.001339,37.162906,55.109618,2.000000
24.234125,9.513788,17.227046,20.333171,34.695125,21.632973,57.420022,54.558492,68.842896,46.42481,45.716958,72.801263,38.568379,37.800977,59.221831,2.000000
24.798286,11.602524,16.191593,23.736192,35.162804,20.285654,56.388715,54.550659,63.607876,44.900148,42.222815,66.353013,36.32907,34.58142,53.133641,2.000000
25.18501,10.955816,15.685651,23.759697,34.362028,20.199167,56.657349,55.015686,64.624043,46.518108,42.705411,66.571051,37.961673,32.837572,52.368496,2.000000
25.31924,10.765264,17.717495,23.480492,35.097129,19.865152,57.930497,55.520832,63.87415,47.149773,43.600801,67.467248,37.29167,35.094348,52.917617,2.000000
26.518242,12.510901,16.496585,23.618272,39.318358,23.746761,64.992794,57.632027,70.284076,49.137722,43.979553,70.960509,38.212053,34.020671,54.052537,2.000000
36.773077,30.673164,15.418517,49.086466,40.185518,16.56431,52.749494,92.506891,61.640249,46.848242,90.912696,68.091132,47.584842,72.075143,46.562559,2.000000
36.891777,31.838161,16.74647,53.82858,39.593697,18.327056,55.235614,95.55113,61.197065,47.953779,92.535927,68.49633,50.42287,72.352153,50.120596,2.000000
37.967823,30.003368,19.559051,52.499062,41.763529,17.641302,56.415688,99.135161,65.92389,49.905925,96.640295,70.560182,51.337576,78.262038,54.600401,2.000000
37.82287,30.908441,17.788402,55.04731,39.631913,17.018243,53.407427,100.30619,61.803792,49.390425,97.203699,68.510852,51.441346,78.752108,53.953923,2.000000
38.693513,30.844335,17.879745,56.054605,39.770852,16.71482,54.179914,101.127368,63.801377,50.160112,98.059806,69.6696,51.96202,79.790561,54.904205,2.000000
37.663192,30.129618,16.840481,55.294156,39.202048,17.580498,54.175377,96.998301,62.045438,49.305109,94.391022,69.628982,51.749931,75.469628,52.297215,2.000000
37.120077,29.589124,17.707321,56.724557,38.274698,16.204334,52.04958,97.095885,59.932513,46.790371,94.631162,66.716745,49.084524,77.430627,50.992396,2.000000
37.826524,29.7141,16.557827,57.96728,35.932841,15.616112,48.591234,94.101972,55.124364,44.327587,90.815391,63.716526,47.848757,71.647813,45.702826,2.000000
38.467297,29.075462,17.053055,54.302175,38.595839,17.323623,52.798614,93.247468,59.246802,45.987107,90.780214,67.047831,48.192338,72.630046,47.800176,2.000000
37.028873,30.200292,15.708467,51.070776,39.429579,16.284701,50.565446,93.56112,58.716423,45.875259,92.527183,68.158029,50.904079,74.142585,51.641409,2.000000
33.836114,23.697555,7.891431,23.646681,36.922904,29.107738,66.855133,54.577876,93.130107,54.264463,38.864673,81.140099,43.750028,19.248452,37.829508,2.000000
34.582668,22.082976,9.32986,22.225947,36.400469,26.059566,61.032809,57.36324,90.902744,53.974134,44.502069,83.267424,43.628271,27.660679,49.758654,2.000000
34.175168,21.804897,5.667324,22.122003,36.137321,26.252128,62.00889,58.303066,87.333311,54.95636,44.384273,79.566029,44.629163,25.019995,42.469766,2.000000
33.942542,23.492156,5.237022,24.075811,39.671482,29.851225,69.725201,60.45122,94.564297,56.197692,44.479209,85.513343,44.582182,24.013121,44.961906,2.000000
34.716668,21.704458,10.565481,24.787644,41.573476,34.029589,74.447967,60.398836,98.83145,55.972256,44.513894,88.546959,43.92795,25.028528,47.585772,2.000000
36.032341,22.58646,4.619836,23.39548,46.637808,37.904834,83.180012,67.255743,106.72071,62.626473,50.055454,98.694512,49.742617,26.183671,54.451116,2.000000
34.071728,20.890274,6.538391,22.784381,40.764684,30.466596,71.042453,58.980641,94.012041,55.520627,41.383819,80.849464,42.118612,20.922543,43.687488,2.000000
34.636775,22.287025,5.381343,23.367554,39.810832,29.685737,69.4721,60.427449,93.402341,55.887936,45.2459,83.662931,44.80864,25.962613,47.827955,2.000000
33.811195,22.139517,8.698635,23.669709,34.992493,24.57236,60.399568,54.180686,84.047652,50.08718,39.647187,74.179012,39.061527,24.348462,42.844428,2.000000
32.808573,19.935281,7.883033,24.746495,38.155767,27.557243,66.040161,56.617341,90.326602,54.093934,41.81158,81.815515,43.076098,23.962172,47.770309,2.000000
33.764523,22.423,8.583127,35.278455,62.056327,32.444751,99.0016,91.994056,109.315467,77.398718,86.684378,111.529678,71.008508,61.22952,74.158075,2.000000
34.040911,22.096238,7.534928,34.404053,63.827389,31.288454,98.284674,89.125784,107.66083,77.303854,82.978178,110.4569,70.165983,58.155994,70.904334,2.000000
34.587358,21.558244,11.350964,34.25842,63.883307,31.996206,98.586246,90.094938,109.718268,76.112779,84.982295,110.064793,67.987911,62.349047,73.465887,2.000000
34.330552,21.898816,8.571615,35.340313,63.264381,31.642397,98.561389,90.227188,109.622137,77.31994,85.765667,111.649899,70.785165,60.893742,74.015179,2.000000
36.152979,21.368178,7.06441,34.363866,62.96322,32.12666,97.449309,87.938678,108.700136,75.859638,84.039202,110.870343,70.688213,60.36104,74.674347,2.000000
34.216442,20.773834,9.3478,34.406981,62.561365,33.348285,99.310394,86.119984,108.543373,75.031627,81.971253,110.888009,68.858346,59.49826,73.220351,2.000000
33.586532,21.301615,8.213476,35.081894,59.667332,33.53253,97.323961,86.749082,107.778578,74.893741,82.388423,110.882945,69.294207,58.096371,74.161053,2.000000
36.440912,22.80554,7.533308,32.896296,65.809469,34.39418,104.228901,89.873972,113.275197,80.192891,84.437319,115.671717,73.401069,58.186866,77.221782,2.000000
33.058719,20.1566,6.708058,35.210482,61.166534,32.34956,98.663796,87.102097,109.544135,75.984265,83.254818,111.558449,70.869698,58.253045,73.901294,2.000000
33.522555,20.695385,6.890424,33.666723,58.807269,31.195539,93.773565,85.267644,106.01004,73.933037,81.208619,109.036679,69.055889,56.531694,72.538264,2.000000
37.943107,31.574197,48.454049,67.648162,100.658579,50.404083,143.28945,173.76918,151.185438,112.976856,178.274177,153.282612,167.400581,22.721762,27.450902,8.000000
34.226056,30.483272,51.458012,67.758461,100.54023,49.445758,142.867065,172.764224,150.690342,113.868639,178.932792,152.147865,166.077812,22.903209,28.315497,8.000000
34.892169,31.718082,46.107538,71.693274,97.838389,48.475874,139.781327,173.721467,149.261555,112.402987,178.967604,151.200637,165.317585,25.686454,30.406961,8.000000
35.278756,31.507668,43.650416,66.677442,99.85205,46.66265,139.166001,173.391462,147.959261,114.857536,178.765932,152.170566,166.301899,23.225029,29.350223,8.000000
35.513139,30.173378,43.041294,63.205037,100.687246,45.12604,137.758257,172.158765,146.635986,114.638055,178.662541,153.231638,168.935802,22.105742,23.623102,8.000000
37.195345,29.246735,45.449681,63.958146,102.82207,46.071589,141.562844,174.716124,151.620521,117.038118,178.470796,157.201094,168.399369,25.183182,28.066021,8.000000
36.017759,31.526572,51.046498,68.413111,99.773711,48.62769,140.994723,173.359809,149.850662,112.824176,179.257622,152.598358,164.792497,22.1183,31.573592,8.000000
35.817848,32.184848,42.11354,64.699201,101.975835,45.377781,139.862964,173.720244,150.999911,117.40684,178.693844,157.226303,169.719623,23.380964,26.321164,8.000000
33.066391,32.209224,46.563665,69.619097,98.603962,48.579029,141.34139,175.183377,150.849021,114.549045,176.677133,155.566432,170.08348,25.095752,27.515625,8.000000
35.775525,32.224235,48.661458,61.202759,104.737418,47.38605,143.888117,172.521483,149.147789,114.778966,176.56809,151.697356,162.948326,21.303548,28.288935,8.000000
35.134118,29.829345,40.32985,67.097934,95.888654,40.361708,131.176293,171.097514,141.035804,111.751743,179.620223,153.970703,168.00713,24.760498,24.867874,8.000000
38.745054,29.0077,47.249747,65.405263,99.696334,43.510607,135.811097,173.033998,145.563053,114.894573,176.757674,150.605446,163.394055,23.166571,27.56002,8.000000
40.649809,30.199595,41.472807,62.89824,102.601809,43.931196,139.279811,173.634601,152.666003,118.44952,178.720623,157.829091,167.951638,24.288263,29.796498,8.000000
37.31089,30.658932,38.930788,67.466815,99.043969,44.428475,137.392025,175.085382,151.391898,116.365511,177.26638,155.745454,169.025874,24.752264,29.453245,8.000000
39.875526,32.239756,50.498079,67.28403,97.93125,43.202232,134.730927,173.59675,145.241009,114.887131,177.9287,149.922875,163.609366,23.166964,28.07946,8.000000
39.514383,29.856215,43.854577,66.032091,100.345418,45.427399,138.158961,173.784854,149.717152,115.895107,177.867486,154.701457,168.144761,25.983994,30.524168,8.000000
35.922401,31.652053,45.467845,68.057327,100.272323,45.044648,138.366254,173.859154,145.726763,112.811885,177.894066,149.5587,163.418603,24.762615,26.969047,8.000000
46.292843,32.080047,41.730183,66.565806,89.41031,32.236677,116.376817,167.635341,130.34279,108.560743,173.980112,141.425103,154.67091,22.985915,25.13138,8.000000
46.149004,32.074513,43.763443,67.245455,93.52113,34.440607,122.994873,170.093411,135.313364,111.919614,176.490483,146.038697,157.741479,22.358281,23.660698,8.000000
47.958073,32.255746,40.967952,62.308445,92.752174,34.13115,119.570734,167.082907,134.993093,108.906659,173.174907,143.634909,153.237291,23.47353,24.154685,8.000000
49.223557,31.214283,40.851002,63.753373,92.074798,31.711056,116.214408,164.645412,131.011444,109.094804,174.189406,145.305809,155.584127,21.128054,27.107731,8.000000
47.658282,30.346036,43.573729,69.001952,88.583688,36.203012,117.655338,169.638467,134.080444,105.826304,175.801891,144.72464,153.786281,23.487914,30.317064,8.000000
47.497189,32.003705,43.074183,62.365537,93.442746,33.197152,122.196854,168.127821,136.847632,111.891113,172.533485,144.5242,155.147939,23.226118,24.536923,8.000000
44.348026,32.606612,48.539163,61.94978,94.253205,35.129016,122.473333,168.341699,136.641121,111.330657,172.496231,143.127358,156.969309,22.854229,24.085305,8.000000
46.732528,32.326749,48.664066,64.56886,93.703742,36.012836,124.537094,170.127447,140.190132,112.532932,174.776979,146.971695,158.053016,22.561315,26.291234,8.000000
44.838924,29.999103,46.525626,61.177898,89.921596,37.577653,120.918412,165.947305,137.431918,109.68187,172.876453,145.918458,155.086036,23.646828,25.5291,8.000000
47.10921,31.503186,45.401711,62.625574,94.936721,40.867852,128.724296,168.595876,145.36343,110.794913,175.925671,149.037957,156.770359,21.938459,31.160606,8.000000
36.233483,32.383144,54.546363,60.271805,106.123776,42.022601,139.812155,175.905162,143.632598,115.616738,176.933462,143.870913,163.264372,24.992291,21.614793,8.000000
35.246074,33.219904,54.796227,63.261195,103.331165,40.46687,135.464611,177.122058,140.360223,111.415306,175.921652,142.904363,160.606435,26.013455,24.529269,8.000000
38.15635,32.018463,50.836342,60.734978,107.165303,42.096405,142.021564,175.835041,147.390739,117.070751,177.008338,145.412692,160.781082,24.275611,24.752618,8.000000
25.511814,27.787614,54.565771,62.952014,104.652171,48.142817,148.748296,174.656077,150.78229,113.574377,174.476767,145.586699,160.588047,22.82518,25.387723,8.000000
26.528289,28.017916,54.646949,65.601899,101.763336,49.708099,146.627343,174.573795,147.331511,110.152473,174.5415,143.986745,158.501126,23.890604,27.467086,8.000000
28.323941,27.091205,51.644828,67.309491,102.08142,47.312939,143.267816,175.815681,146.137198,111.009832,174.16704,142.826803,158.221183,22.774859,25.178295,8.000000
26.113352,27.521671,49.157399,66.495344,103.621026,47.736855,146.652549,176.233085,150.415127,113.660874,175.177512,145.671014,158.650514,23.79342,27.995838,8.000000
28.772063,27.665294,51.526424,66.463556,101.013109,45.099158,141.370386,174.062819,142.84437,110.593123,172.57517,141.261652,157.038156,24.232633,24.58712,8.000000
27.375686,27.841058,52.243908,68.606744,99.393822,48.485856,142.793201,174.882713,146.16136,108.373489,174.795224,143.659779,157.407982,23.978977,29.752616,8.000000
30.415595,26.938952,54.765138,66.032704,105.885139,49.121557,149.502279,175.868763,148.94608,112.956296,174.842782,144.464728,157.080291,21.439196,26.587508,8.000000
26.515644,27.822764,47.132895,67.731017,103.051217,53.927197,152.544049,175.553883,158.932596,113.955272,179.408688,152.249584,163.574706,25.802767,34.798247,8.000000
25.778654,26.332555,50.841946,63.239285,109.52817,48.377536,151.897517,174.806758,152.65827,112.830114,173.872292,144.960387,157.222125,20.755475,28.94537,8.000000
24.677448,25.21278,49.491296,66.696233,104.318977,52.203066,150.4777,174.670055,148.446065,109.239621,175.102304,142.867908,159.778168,22.12375,28.329543,8.000000
24.491628,25.512309,52.459501,61.959328,110.392465,44.172847,146.855666,171.902835,141.257272,109.965754,169.465936,138.917088,155.115714,20.502459,23.602678,8.000000
28.256194,26.045788,45.42933,69.084111,104.648544,49.762397,148.723712,176.035712,150.263583,111.897274,176.335314,146.618824,158.913112,22.894187,32.203238,8.000000
25.927224,24.716857,52.064969,66.640535,104.338515,47.744717,145.922052,172.67242,141.114562,106.318935,170.346388,138.107643,153.314797,20.040693,25.738274,8.000000
25.298009,27.107326,49.580549,68.348635,102.685325,49.557666,145.827113,175.080707,144.356152,107.741232,174.935896,141.802371,158.199411,21.033689,29.177792,8.000000
25.831442,21.594079,49.928489,64.705582,109.951311,42.706853,146.668619,171.051433,141.7406,109.453701,170.177925,141.429081,151.406383,17.815873,24.289641,8.000000
25.458739,23.923972,51.632305,64.888699,110.656484,43.0076,148.73621,171.409349,141.42522,107.69235,171.14307,140.993181,152.267515,20.143332,27.044622,8.000000
27.604626,21.45665,46.695154,66.903706,109.619358,45.02585,147.952773,172.508315,142.069632,107.392087,171.001577,140.779212,151.793393,19.697946,26.483175,8.000000
24.908749,24.227119,47.654359,63.929582,111.340117,45.122896,149.606177,172.065917,143.978173,109.408173,169.110636,140.870636,153.508616,21.321933,26.398075,8.000000
26.873421,23.810329,46.717943,65.907237,111.631278,42.954371,148.314255,173.870932,142.96417,110.129326,172.598896,142.129711,152.886489,20.276821,26.765856,8.000000
26.040083,24.414633,47.203967,64.724508,114.964933,44.393692,152.161994,172.348544,141.048843,108.509412,170.611569,141.357915,153.632127,19.744262,27.862732,8.000000
25.545523,24.763197,48.751442,65.065152,109.349737,46.633834,152.015124,171.098215,143.77124,108.631765,170.911337,141.718022,156.114152,22.696983,26.197859,8.000000
25.603836,24.511549,48.208121,68.02876,108.005116,45.482815,149.743712,173.403129,144.841139,111.006494,173.385905,144.198599,156.749584,23.376476,26.833779,8.000000
36.845414,24.353012,12.164655,61.808181,100.424568,42.373703,143.458648,172.261494,148.800677,113.257442,172.948442,145.503462,156.149769,20.81861,25.495624,8.000000
37.659203,24.612877,14.019505,53.1637,106.216145,34.154086,137.877529,160.038128,137.483477,106.20156,168.030663,138.060636,149.624327,21.845456,17.041726,8.000000
37.699293,29.941072,24.958727,53.717742,115.037688,38.565574,148.098945,170.744114,149.734158,118.929229,175.406581,145.729882,160.634519,22.216223,13.983148,8.000000
37.530225,31.538217,28.8474,56.667402,115.109314,39.781779,149.28295,173.040078,154.587992,121.725613,176.787539,148.319082,161.600528,22.373841,17.416439,8.000000
38.948363,27.527507,24.069653,55.934837,114.788943,37.011968,148.422622,173.287409,150.759643,121.170365,175.482386,149.71953,159.678216,16.702319,23.16861,8.000000
36.045958,25.796307,20.750306,48.230516,109.198841,37.834627,140.404255,169.591486,151.466773,115.416785,174.94219,143.495243,159.827874,23.581441,17.923143,8.000000
40.355482,33.364797,30.917258,56.39107,113.33218,41.786332,152.074643,174.055437,152.862851,120.864916,177.537161,147.878069,160.474795,24.397341,21.530057,8.000000
38.702987,32.021932,32.580006,52.784232,111.885601,39.187326,145.944964,175.171703,155.494227,118.309881,176.568571,147.754821,161.222888,25.66117,21.736038,8.000000
36.842601,22.09426,2.891796,10.377156,3.528106,5.088679,12.472714,23.663822,7.190879,13.138141,157.54872,144.008014,118.628284,148.095293,134.397564,10.000000
36.73427,22.176865,2.339934,10.409471,1.879979,5.588617,13.517748,20.942642,4.355187,15.087336,159.276536,146.450564,122.740758,150.02249,138.327527,10.000000
34.853555,21.430938,1.683698,10.151039,2.993236,5.212703,14.495325,22.181891,6.750076,14.715329,156.329752,142.260045,118.690594,145.719273,132.540116,10.000000
35.166878,23.038855,3.636179,12.932769,3.27313,5.962507,13.70232,26.749753,6.470389,13.402428,162.080721,146.606818,120.541211,153.36016,137.417834,10.000000
34.070038,23.021506,3.893682,11.763021,2.394837,5.96117,14.192263,23.70821,5.133059,14.134664,160.146695,147.476431,120.413974,150.977645,137.244654,10.000000
35.114695,22.961609,3.588219,11.710352,2.47206,6.336188,12.974436,24.532078,5.439931,15.096368,160.436533,145.132656,118.578337,151.633831,135.69223,10.000000
35.010622,24.127697,6.168253,12.136074,2.225985,6.726598,14.421473,22.435261,2.812698,16.722106,160.916603,145.968898,120.977608,152.229689,137.766311,10.000000
34.262081,22.022929,5.147208,10.962105,2.817437,5.078183,14.309806,21.579312,5.927328,14.321384,158.037343,146.281673,121.263823,149.239839,137.207791,10.000000
35.882227,23.498313,4.574991,9.918865,2.539942,5.686643,12.961056,22.509075,7.375768,14.744908,157.823078,143.757059,120.907935,149.042578,135.539477,10.000000
35.651142,23.897196,4.545401,9.889641,2.913745,5.976426,12.473471,24.769323,8.770235,13.75497,156.497321,141.398421,116.343369,147.862145,130.892485,10.000000
34.355543,23.304169,6.491416,10.73231,1.776866,4.828464,11.237623,22.559906,8.166429,13.043056,159.222237,147.376863,120.354889,150.284139,133.500779,10.000000
33.474386,22.921656,5.933685,10.961341,2.80335,5.835684,10.626323,23.000702,7.116629,12.594075,157.041691,146.791072,119.882762,148.259129,133.831456,10.000000
35.716398,23.886417,3.392266,11.331047,1.985929,5.144065,8.969951,23.013319,6.14527,14.15161,160.128899,147.486331,123.996297,149.117752,136.821089,10.000000
37.759419,23.59916,3.618377,12.826967,3.533853,5.577435,8.13383,25.633356,7.75846,12.890585,157.685724,145.121729,119.46933,144.354782,131.855262,10.000000
35.999682,23.790124,3.053945,12.007709,1.694056,5.694593,8.49106,23.31813,7.21073,15.550556,159.13112,147.680897,124.892711,146.02724,136.087963,10.000000
38.108889,25.23612,3.588381,14.10386,2.128198,7.626539,9.352282,26.191274,5.48586,14.643625,159.017641,146.630337,120.536494,145.099634,132.140483,10.000000
37.34503,23.535589,3.263115,12.130251,2.317783,6.50737,9.065449,24.412505,5.810594,15.441755,159.251379,147.24672,121.847658,146.29417,133.835301,10.000000
36.139922,23.234026,3.309675,12.750126,1.945078,6.380742,7.770453,23.247797,6.041044,15.276249,156.846016,146.840656,120.341266,142.423245,130.61677,10.000000
38.403038,23.822254,3.479002,13.067551,2.745003,5.584395,5.355682,22.198924,7.683816,15.545221,156.447401,146.746998,122.657867,141.70696,131.182601,10.000000
34.327706,24.713193,8.821543,15.636549,3.970217,6.703208,6.188033,24.43689,4.554377,14.617879,156.76474,148.342956,121.060673,144.255231,132.442113,10.000000
35.824184,24.255335,8.491602,16.767964,4.324181,8.078966,6.89345,25.425917,3.738402,15.532003,158.244859,149.834777,122.719974,145.482719,134.750161,10.000000
35.685795,23.360567,7.178415,15.277239,4.898374,6.550724,4.404215,23.985815,4.980542,14.108225,154.961562,147.794294,119.467542,141.266359,129.946277,10.000000
36.206626,24.518466,6.823119,16.511209,3.562048,7.19865,6.258106,24.533699,3.244214,16.205733,159.158566,151.025897,121.978034,146.501244,134.261498,10.000000
35.576807,23.1519,4.750613,15.97499,5.161674,6.281403,4.703782,25.065548,5.498252,15.268565,158.798441,151.385604,123.802283,145.451862,134.592672,10.000000
35.378751,23.128332,4.957751,15.271622,4.475515,5.736079,4.205646,24.879229,5.812702,14.695108,158.277633,150.964443,123.611714,145.154848,134.220547,10.000000
36.955008,23.391148,5.289359,15.566721,4.089719,7.145641,6.257588,25.526235,5.632014,15.195139,157.800476,148.245442,120.118225,145.632669,131.934337,10.000000
34.569247,17.746796,6.356575,15.004323,3.392672,7.823496,7.071174,21.339371,2.544308,13.687081,157.291362,149.435772,122.279827,146.394894,133.851454,10.000000
36.552881,19.533693,6.71128,16.88524,3.95141,8.813424,8.805258,27.114393,4.950627,10.777628,158.435375,146.839997,119.423275,145.438699,131.748058,10.000000
36.314082,19.813998,3.680915,11.924997,2.066838,7.295259,9.14818,23.180258,5.632768,11.080778,155.53478,145.562836,116.966513,143.042535,128.998542,10.000000
36.618266,19.864116,3.637355,12.25573,2.029262,7.420676,9.227962,23.361607,4.787763,10.799806,155.804209,146.318193,116.446553,142.96595,128.478479,10.000000
35.051284,19.653515,3.670423,12.277279,2.495134,8.023032,9.771896,22.090037,4.093984,12.71954,154.121325,144.459938,116.416832,141.691892,128.189755,10.000000
35.115365,19.667295,3.679494,12.015926,2.247171,7.76054,9.702938,21.507773,3.977725,13.807707,155.261836,145.177919,116.706768,143.030097,128.700888,10.000000
34.553503,20.284919,3.970015,11.517724,1.976432,6.207015,8.533239,21.1105,6.940906,13.295682,155.806984,145.858649,120.106476,143.849659,131.394021,10.000000
34.589694,20.456767,4.632932,9.771962,1.990448,4.734997,8.108597,20.097734,6.831652,12.574393,154.464779,144.525164,118.548897,143.154413,128.62483,10.000000
33.302577,21.260385,7.30495,10.580984,1.047561,6.168432,7.936452,17.916624,4.633033,15.591386,154.396151,143.53364,118.910454,142.818801,129.121316,10.000000
34.743685,21.579527,7.564933,10.343918,1.161952,6.147115,7.2112,17.762986,4.79415,15.541264,154.981071,144.216969,119.65213,143.468369,129.103927,10.000000
34.812633,21.632095,7.347137,12.054351,1.189336,6.512085,9.226797,20.567757,5.244494,14.151824,155.922515,144.867901,118.792848,144.167421,129.657083,10.000000
36.515518,34.170277,35.191379,17.298916,2.541528,9.967,12.760267,17.50865,2.774384,23.371613,163.884366,152.925544,127.738709,157.10079,149.161468,10.000000
34.904632,33.734507,37.151453,16.872992,3.288578,10.000902,13.717283,16.770049,3.524953,24.276456,165.160686,154.248174,129.9321,159.762517,152.199867,10.000000
32.728269,34.24821,44.406556,18.411021,2.995756,11.422748,15.092338,17.39626,5.551118,23.890184,165.828927,156.927366,130.833318,159.142769,153.903884,10.000000
33.068617,34.311495,41.603235,18.498332,2.28988,12.006212,15.021233,18.259995,5.094357,23.39794,166.022147,156.505418,130.798787,159.005021,152.854577,10.000000
35.39061,34.39914,37.778793,17.762985,2.942075,10.511202,13.301209,17.034771,3.55139,24.065317,165.881973,154.611446,130.789237,159.665123,151.612828,10.000000
34.396464,34.100853,36.247549,17.701359,2.862218,10.01865,12.759665,19.220211,1.305606,22.672174,166.324429,153.931539,128.412521,159.491503,149.282775,10.000000
35.283582,34.754784,40.057936,19.206475,2.21732,12.015701,14.169563,19.313515,3.242239,23.385399,165.071006,153.458645,127.081399,158.454457,149.346516,10.000000
35.465746,35.206096,40.58546,20.069479,2.193349,12.697351,13.122634,19.89948,3.467687,22.897148,163.701686,152.94104,126.644245,157.350471,149.710167,10.000000
36.590739,35.066409,38.448305,19.392554,2.125389,12.12484,12.851136,19.545557,2.882573,23.263669,163.611603,151.975757,126.227454,156.607007,147.872356,10.000000
35.775466,34.802338,37.878242,18.740098,1.697685,11.247732,10.465491,19.795174,1.629888,21.866274,162.359082,150.960263,124.926042,155.874064,146.063613,10.000000
34.891999,35.004495,39.885038,18.502189,2.183384,11.298144,12.344977,18.49972,3.006247,23.584431,163.240489,151.328085,124.071226,156.688221,146.533358,10.000000
36.842394,34.873312,38.415793,18.819996,1.389465,10.28146,10.294289,20.317772,2.218838,23.083868,162.67612,150.273279,121.500793,155.748775,143.981533,10.000000
34.16265,34.709208,40.536453,19.409425,1.123144,11.011607,10.713862,19.67544,3.504449,20.968998,162.779629,154.732834,126.606728,157.444353,152.007343,10.000000
34.233518,34.635183,38.725374,19.263138,1.765854,10.532875,9.117957,20.832162,1.296326,18.901841,161.505718,153.775776,126.125338,155.919061,150.932221,10.000000
36.697735,33.829569,32.775129,17.468359,1.673086,10.157642,10.614676,20.493848,0.991445,22.154016,163.380486,151.555332,123.058625,158.449153,146.281976,10.000000
36.764042,33.550093,32.776802,17.053033,2.426776,9.609616,10.570044,19.722635,1.186243,23.501555,163.318024,151.106754,121.783813,158.021527,145.106099,10.000000
38.179225,32.492492,30.578778,16.381203,2.643886,9.715355,8.430164,17.500292,1.751167,21.950018,162.804886,153.304419,124.315513,157.704076,147.450664,10.000000
37.901362,32.673349,28.845896,15.936142,2.255358,8.501963,8.788838,18.714922,1.164325,21.129266,163.203152,152.270614,124.166406,157.67774,146.100554,10.000000
35.372566,8.326919,24.670257,24.070781,6.681168,8.647969,72.723257,161.239691,124.172297,85.944439,160.575244,119.938116,101.745748,153.829894,119.991273,11.000000
35.3312,8.239082,25.072454,24.026075,7.237016,9.786805,73.10179,162.158943,126.139247,87.244925,161.2677,122.885742,104.659257,153.746123,124.496034,11.000000
36.674736,9.835435,27.164211,23.970865,7.154784,9.19556,74.091846,163.839797,125.842903,86.439729,162.659259,122.68576,104.787797,155.03654,125.515288,11.000000
36.981232,8.70042,25.756331,23.980258,7.082293,9.698235,73.348305,162.786703,125.78145,87.543624,161.818511,122.898712,105.10593,153.953316,124.035073,11.000000
35.615494,9.422539,25.731026,24.399077,7.096322,8.851506,75.379758,161.906871,122.43865,83.716777,161.263335,118.970008,100.577075,155.052625,121.316192,11.000000
36.370529,9.532189,25.749628,24.307217,7.21216,9.379697,75.61578,161.728684,122.034581,83.528195,160.884735,118.144073,100.828528,154.741156,121.721702,11.000000
37.517781,7.990131,26.228881,23.853786,5.960567,9.197313,73.229436,161.975068,125.666333,86.139858,161.379162,123.043862,102.524121,155.663241,125.082432,11.000000
36.933553,7.8059,26.278987,23.636557,7.034625,9.797415,73.826462,161.881955,124.87697,86.175851,161.27408,121.986153,103.239692,154.209399,123.248451,11.000000
37.218167,2.918217,24.164329,20.851701,3.938695,8.229092,61.661018,163.623728,129.565487,91.147223,162.92915,124.603771,106.179204,154.090765,127.423314,11.000000
36.854737,3.870726,25.989379,21.470843,4.244498,8.344903,62.175811,165.110188,130.763705,91.136594,164.022082,125.170373,106.055134,154.337075,127.479575,11.000000
37.118056,3.465659,25.700292,20.997319,4.383291,8.030595,62.859971,165.422245,130.762085,92.143112,164.099836,125.398424,106.709981,154.130426,126.252961,11.000000
37.485102,3.858691,24.095048,20.62064,4.618271,8.115462,60.855919,165.491812,132.548892,94.331212,164.325583,127.653555,109.906458,155.309133,131.205094,11.000000
23.56885,12.620607,27.238759,31.043767,5.391128,8.291577,74.84431,169.515715,136.019469,85.505924,167.561565,133.456612,103.07186,155.21042,135.58403,11.000000
24.049975,12.640612,28.180267,30.62137,6.235988,8.343038,75.732138,169.870675,137.496003,85.458974,167.887942,135.512356,102.337833,155.065368,137.745483,11.000000
24.456481,13.141617,28.810536,29.828183,6.495491,7.763979,75.120085,169.759407,138.327991,85.605344,167.027393,135.244409,98.949111,153.828909,134.185188,11.000000
24.366336,12.910061,25.929969,30.117087,8.024031,8.864661,76.68892,169.156332,142.714099,86.681456,167.91293,142.452043,100.337694,154.795049,141.967138,11.000000
25.322703,12.080269,26.750532,29.625472,6.58429,8.956163,79.491213,167.615992,131.479582,80.15401,165.056386,127.059374,94.09385,152.93446,128.150446,11.000000
25.497955,12.02264,25.545187,29.855224,5.706764,8.802728,75.260012,168.011992,135.175315,84.679779,166.019003,131.969273,100.907376,154.951987,135.977945,11.000000
35.096942,15.180231,35.505708,26.364791,7.102564,9.798605,77.562601,159.885494,119.970038,76.112344,158.183419,112.711647,88.155174,150.607069,110.311927,11.000000
30.93753,14.838934,31.82915,26.214756,7.516559,10.058072,76.540346,159.389236,122.781793,78.842487,158.710703,118.381609,91.336044,150.807616,112.871915,11.000000
33.61791,14.168324,32.930789,25.952037,7.378885,9.6508,77.188339,158.69097,121.862483,77.562939,158.198827,117.350933,88.078737,151.436253,113.619638,11.000000
33.693052,13.731731,31.021357,24.794857,7.979248,10.52905,76.514148,157.510574,120.702289,77.964973,157.027771,116.548957,88.136206,150.43925,108.938495,11.000000
34.631522,14.400988,32.592339,25.137914,7.095289,10.074606,73.896046,157.317387,124.882778,80.290274,157.240601,121.343355,89.667638,151.969218,116.797263,11.000000
34.606262,14.027866,32.848306,25.621308,7.46349,10.019141,76.167808,159.415592,122.465353,79.671299,158.054813,118.43935,91.155568,151.092779,115.262002,11.000000
34.833333,9.532491,30.442859,25.911476,5.706847,9.153783,68.380949,167.954104,133.831514,91.347496,165.865604,127.199632,109.928653,156.393346,131.309374,11.000000
33.038061,10.109537,31.263866,25.08073,5.278422,7.756472,66.867216,168.099519,133.134999,90.63896,165.756075,127.888071,108.733148,157.286014,134.914702,11.000000
32.742564,10.282921,30.835674,25.233538,5.668022,8.72444,69.021722,167.339364,131.725382,89.52939,165.218198,126.427969,107.440563,156.268953,131.715592,11.000000
34.766698,9.456302,33.174395,22.418799,4.253909,8.919908,65.312824,166.281605,127.116759,87.629169,163.498033,121.320001,103.778207,153.152945,124.881953,11.000000
35.390339,9.567512,31.933579,23.410735,3.359503,7.873732,61.235153,166.965196,131.734762,90.571449,164.740802,127.134912,106.412343,155.790816,132.268574,11.000000
33.904177,9.485903,32.165301,23.426457,3.412533,7.836312,61.648069,167.615962,130.605876,90.403788,165.059389,126.018069,106.888322,155.3007,130.813987,11.000000
36.291996,9.273205,33.273954,23.202703,4.085398,7.536829,62.338218,166.509639,128.988491,89.097789,163.168822,122.355514,103.380574,154.060718,126.083414,11.000000
36.49679,9.69276,32.486406,22.6961,4.30325,7.260675,62.121279,166.802084,128.912609,89.726866,163.599822,123.088261,105.067271,155.523865,128.083387,11.000000
38.282646,3.099422,14.973576,47.123172,109.796571,31.629374,133.165325,158.764263,128.903129,108.685791,163.805309,142.633307,160.07464,17.609022,14.349102,24.000000
38.66513,3.292506,15.514853,47.515988,109.099204,30.975387,131.036718,158.7253,127.379292,108.438655,164.731471,141.844623,160.961835,17.90742,12.417127,24.000000
38.038645,3.431495,15.268763,47.849729,110.571561,31.285308,132.474323,160.373652,129.828796,108.361742,166.333486,143.061137,160.682775,17.75586,14.302745,24.000000
39.033553,3.589578,17.708159,49.827929,110.832578,31.138694,132.751609,162.453929,131.694798,109.266039,168.542624,144.366584,162.765366,17.498555,16.082211,24.000000
38.466723,2.54036,16.705061,48.648383,109.152654,30.76988,131.215798,159.777886,127.56339,108.776569,165.341239,142.270921,161.43948,16.846889,13.941083,24.000000
37.886985,2.905432,15.826892,45.518675,112.377293,31.694756,134.146558,159.650418,131.047264,110.395536,165.018764,144.17382,161.230229,18.126458,14.335519,24.000000
36.764004,5.347993,29.541847,103.114815,40.387337,24.878054,60.864067,155.394828,61.113249,57.253731,158.071747,77.905676,150.086013,4.633162,11.263227,24.000000
36.855614,5.187285,30.996239,103.434323,40.359206,24.910088,59.408932,156.699621,61.519175,57.408702,158.249227,78.238699,149.65503,3.537959,12.287582,24.000000
37.829651,5.027097,31.659034,104.969532,39.64333,25.111773,60.439164,156.992205,61.832157,57.301595,158.767263,78.023455,150.664369,5.36918,9.848652,24.000000
38.596029,4.944965,30.994006,102.602181,41.750046,27.064198,64.98538,156.19328,65.310927,59.358063,159.064264,82.66448,150.701133,5.674153,12.852829,24.000000
38.479081,6.01298,31.012848,103.190795,40.865912,25.73584,61.989823,155.693347,62.280454,57.618256,158.258315,80.389385,150.323437,6.378219,12.45153,24.000000
38.456275,5.532544,29.969883,102.123977,43.534341,27.710747,67.616976,155.889876,65.054321,59.139587,157.513123,81.502143,149.948347,6.34835,10.703911,24.000000
38.343025,4.905845,30.543248,103.62813,42.075815,27.186325,65.473349,156.104255,63.857681,57.839865,157.722886,79.560509,149.935983,5.379926,9.724496,24.000000
26.874177,5.794324,17.259411,53.747211,120.219675,31.799493,140.575426,174.650441,145.107328,116.000998,176.496846,155.491216,171.80853,20.84356,27.183888,24.000000
28.132249,5.004808,13.67847,56.152247,118.412485,33.376634,140.874501,175.46073,148.698855,114.701496,176.345953,155.939891,171.219384,21.011043,29.98485,24.000000
27.702534,5.603865,15.900105,53.47307,120.230922,32.73631,141.501273,174.893366,146.451149,116.566849,176.732278,155.516867,172.071464,19.391985,25.492795,24.000000
27.629262,5.265096,12.934436,57.128695,115.408175,34.148457,139.248717,174.491099,146.677479,112.450629,176.938472,154.292705,169.931406,23.098675,29.349609,24.000000
26.501557,4.705924,15.526607,55.481608,118.745351,33.135785,140.21387,174.514793,146.522852,113.9133,177.008982,154.829047,170.202654,20.54563,27.16696,24.000000
27.593094,6.286762,15.574807,57.18613,115.414512,32.599182,137.750522,175.130817,144.638485,113.308995,176.938826,152.737723,171.055431,21.242715,24.556161,24.000000
36.683973,2.7209,16.779231,59.901982,99.004709,28.09557,116.629947,141.835079,109.733191,74.150096,144.516973,119.037914,115.449164,31.966824,16.653301,24.000000
35.692583,2.902806,17.319845,61.214384,95.951035,25.992268,112.422531,141.883841,107.834159,73.721039,143.68117,115.999563,114.647756,31.938824,16.830788,24.000000
35.699586,3.103115,17.214296,60.622753,98.768491,30.617747,119.173385,140.649732,111.344774,73.419339,142.102053,118.966236,114.845813,30.871588,17.021328,24.000000
35.873752,3.079165,14.731768,60.537168,98.634768,29.605508,117.609962,141.515493,113.112342,73.603871,143.662343,122.609957,114.555975,30.729856,18.460691,24.000000
35.407294,3.974998,15.390619,60.706851,98.972836,30.880976,119.010924,141.107785,112.736903,73.190181,142.546873,119.972489,114.523553,31.149379,17.752181,24.000000
37.057062,1.908399,12.940355,60.329882,98.347903,27.965071,114.724487,143.001818,109.350258,74.713298,146.444891,123.240983,115.231677,30.886308,19.21208,24.000000
37.573603,2.24293,15.729967,61.123563,97.306958,26.281645,112.459078,142.118364,107.725823,73.067448,146.140109,119.941354,115.712596,30.778124,19.295619,24.000000
38.634063,13.350682,10.022798,57.997862,96.790546,28.778493,114.091781,161.14706,112.389075,95.308321,161.366695,122.279682,149.876965,25.534964,12.708096,24.000000
38.815386,12.766616,11.044578,56.327973,97.620134,29.216171,115.36315,160.715583,113.742557,96.95599,160.449353,124.242289,149.561011,25.698467,12.977919,24.000000
38.833609,12.82742,10.767414,58.10486,95.369679,29.3732,114.413429,161.566072,114.734282,96.604947,160.772082,123.781238,149.183528,26.416136,13.396213,24.000000
38.861304,12.503266,10.078391,55.5205,98.749038,28.783496,115.633374,161.22148,114.687519,97.145685,160.678916,124.170645,149.642743,25.79019,13.471026,24.000000
39.620631,13.046342,10.716814,55.589308,99.5582,29.153611,117.719878,161.539928,114.710002,98.362084,160.824859,124.327177,150.048261,25.375615,13.060259,24.000000
39.063808,12.444639,12.561124,55.767251,97.427541,30.997779,117.895509,161.465793,117.087735,100.100032,160.129606,126.780239,151.209507,25.321056,13.396095,24.000000
37.912127,12.223246,10.761559,58.923583,95.710113,29.060604,114.458235,162.51966,114.626905,97.187906,161.715438,124.704994,149.862481,26.110276,14.722683,24.000000
38.719033,12.580678,10.070174,56.64282,97.967973,28.879251,115.803206,160.653271,114.428802,97.076392,160.643012,124.542313,150.51659,24.607656,12.665547,24.000000
37.839105,8.827887,12.621203,54.829689,98.248583,33.720797,122.748966,158.723467,116.374178,98.678069,160.045701,127.841084,152.936122,24.49419,12.831302,24.000000
38.660187,8.222039,12.642479,54.499347,98.836168,33.04905,122.749206,158.772198,116.628719,98.245418,160.188349,127.722804,151.891903,24.541649,12.926334,24.000000
38.358751,7.813618,11.961925,53.34891,99.762757,33.039254,122.791194,158.157257,116.710213,98.656215,159.967729,128.821726,152.001346,24.00014,13.592389,24.000000
38.130825,8.443893,12.839605,53.555174,99.106283,33.046982,122.483931,157.773099,115.488825,98.288827,159.384274,126.918587,152.870438,24.304066,12.340019,24.000000
38.136007,7.929837,12.573106,53.721333,100.204566,33.696565,123.786368,158.379952,116.946151,98.257191,159.434202,128.274454,151.620945,24.345146,13.704843,24.000000
38.421187,8.367465,11.776736,53.509707,99.903917,33.854703,123.855502,158.745207,118.042159,99.815762,160.621779,129.946678,152.656597,24.285626,13.726446,24.000000
37.871048,8.14203,13.811271,54.458079,99.373108,34.220258,124.136889,158.6264,117.435614,98.29268,160.20058,128.516015,152.836793,24.786637,13.895568,24.000000
31.734887,17.010531,13.744621,12.735609,1.521617,5.840869,28.846814,152.011233,135.931905,143.486799,11.2379,9.579299,5.813925,10.440452,5.207627,26.000000
30.917876,17.879976,16.742294,13.91969,1.586916,3.221657,25.420246,149.073173,147.056557,143.11864,8.873001,12.004858,5.228109,9.632468,5.035495,26.000000
30.556051,18.944785,18.271548,12.764921,1.447106,2.694174,20.889556,148.828863,150.641287,143.609292,7.96443,12.330791,4.435466,8.70432,3.09087,26.000000
32.017475,17.515416,16.712281,12.810497,1.372672,3.785684,30.781487,149.329744,143.401617,143.099546,9.197148,10.373873,4.922332,11.391477,4.809684,26.000000
33.782131,17.62114,14.200963,14.400737,0.449827,4.717751,23.228589,151.446533,147.167931,145.131948,11.600128,13.729118,6.544127,10.859888,7.692365,26.000000
33.483946,16.50394,14.461462,12.220836,1.406747,2.133319,28.745393,145.328386,146.150258,140.925772,7.654705,11.265778,5.050524,10.054757,5.17026,26.000000
32.0784,17.559653,18.841123,11.220568,0.727669,6.277766,32.10291,157.258355,142.942856,150.966239,8.440405,10.876777,5.453134,10.440625,6.707767,26.000000
32.580841,17.12341,18.368723,12.139407,1.724082,5.781158,31.90747,156.530057,139.747984,148.425123,10.774608,11.24166,6.142084,11.075814,6.82696,26.000000
31.970905,16.228702,14.839181,12.144753,1.133783,4.015578,39.398534,158.917078,145.986473,154.299946,6.616354,9.429179,4.500797,10.494143,5.717479,26.000000
31.307227,16.055783,15.880539,12.291021,2.273147,3.931695,43.764589,162.491697,149.451831,158.675695,4.647415,8.380747,3.90514,9.872677,2.56647,26.000000
29.356941,16.608338,18.681211,12.508043,2.96559,4.773849,49.289272,164.991348,148.483154,161.365471,5.322905,7.208629,6.027225,9.002082,2.016145,26.000000
32.044346,15.513094,14.862373,12.839225,1.950044,4.480263,50.418145,165.797103,150.442071,163.071694,4.951007,7.792046,4.602479,7.76867,4.267171,26.000000
35.224446,14.776264,14.085099,14.555837,3.591441,3.681089,47.442496,164.578806,150.23237,162.521889,4.311531,10.217541,6.054803,7.642044,3.689588,26.000000
32.89208,15.638183,15.491566,13.988012,4.340588,3.803197,46.823649,167.802431,152.578302,165.123913,5.122723,9.288304,5.390396,8.523062,2.381128,26.000000
33.423993,16.111407,17.081829,13.464465,2.856209,3.680376,44.236951,165.572611,155.737546,161.84311,5.09819,9.129821,4.780977,8.512515,1.202913,26.000000
30.674827,16.810455,16.496112,12.386196,1.710238,4.398219,48.447654,166.573498,152.397112,163.826217,4.632653,7.18478,6.080337,7.318835,0.908362,26.000000
31.841458,17.59027,16.947414,12.840762,2.795866,4.216542,48.645248,170.354138,150.235525,166.953315,6.671408,9.333325,7.152009,8.441392,2.542049,26.000000
28.992477,18.617499,22.966909,10.699108,1.499388,5.084458,44.465629,168.918977,145.496651,160.192121,10.070176,9.178687,5.920691,9.379499,2.851723,26.000000
31.017701,18.225769,21.184049,12.365838,1.547684,5.019068,48.040628,166.599769,144.901998,160.838759,7.29497,8.808615,6.895884,8.890228,2.773112,26.000000
30.354485,17.829768,19.111806,13.808259,1.704947,4.118203,50.272772,166.96071,149.050188,163.797758,7.225504,9.511233,6.988401,9.828993,5.447482,26.000000
33.040185,17.051184,17.677477,13.911882,1.578324,3.315575,49.314102,165.699436,151.105895,162.459598,5.985995,8.478618,6.038657,8.158041,2.420548,26.000000
33.216219,17.003062,20.632792,12.407097,2.930726,4.162481,43.767823,167.97068,156.158199,165.955486,6.88299,10.064081,6.743281,9.179367,2.919929,26.000000
29.055674,17.894923,22.92676,11.825083,3.244983,4.423254,51.665852,173.062654,150.046795,171.599799,5.46196,9.071719,7.30697,8.510655,4.35726,26.000000
30.357478,17.438258,19.524407,12.166392,0.486359,3.776377,54.419784,168.742591,143.474228,165.829613,6.310041,9.518248,7.142434,8.296046,6.815225,26.000000
30.098029,18.392364,22.545402,11.866992,1.354399,3.841597,52.284907,171.217442,147.294997,167.383563,7.898634,9.847089,6.697565,8.748332,5.089932,26.000000
27.693362,20.012825,39.073245,14.784943,3.382972,8.568282,7.063308,30.375527,14.913733,15.092254,131.186483,110.006358,117.07135,19.393545,12.076028,26.000000
32.261226,15.770668,36.368495,17.738074,39.378904,18.128962,39.008209,107.327332,70.893812,99.94692,14.532886,13.934271,5.2892,20.921198,10.62551,26.000000
30.127076,16.098038,42.832447,9.821241,5.732737,6.522762,14.907429,126.770263,97.301616,119.318002,14.816734,16.346113,6.487027,21.633305,10.005481,26.000000
22.682233,17.394806,42.796809,15.956427,21.756714,3.959703,16.914054,105.973483,63.759812,93.363929,19.117222,15.437854,8.585103,22.97965,6.716308,26.000000
32.848544,15.789685,40.975477,7.436077,10.856318,9.149759,38.863089,159.982548,123.210267,147.968973,16.650464,8.400215,10.610845,21.629702,8.797094,26.000000
31.860663,20.226938,39.812322,15.335762,3.434525,7.562263,8.456758,27.594252,6.761164,13.324263,70.281506,32.530155,53.392966,20.314448,13.094319,26.000000
31.815735,15.614882,42.876532,6.245218,9.343204,9.827589,33.806171,154.841352,118.742237,141.353412,17.417984,11.349374,8.003118,22.904112,10.354034,26.000000
32.7726,17.503314,36.076586,11.261106,2.477748,2.389676,7.605497,38.533691,20.166324,25.044889,20.034133,12.25451,7.603473,21.565511,5.694265,26.000000
25.97489,21.518369,35.840434,10.480625,0.743091,5.049419,46.990515,157.527461,136.224728,144.284052,11.333098,4.73206,7.186259,11.675433,4.438419,26.000000
26.306075,21.493999,32.234605,11.397025,2.064719,5.064133,31.068283,149.442635,139.384359,139.384155,9.711247,5.867334,6.182239,12.909922,8.018474,26.000000
24.461216,20.994855,35.525896,10.981513,0.902446,5.83175,44.991993,157.825522,137.761052,145.898011,10.848913,5.141727,7.890439,12.203801,5.049585,26.000000
24.494986,20.794242,34.921007,10.902228,1.673799,5.954159,39.582052,151.999859,135.939644,139.19333,10.675627,3.561086,6.052,13.987983,6.416133,26.000000
24.033836,21.367918,31.738265,11.038704,1.991835,4.856013,47.558183,155.347466,133.408975,141.737334,11.125269,6.452944,6.941347,12.642436,6.115579,26.000000
26.965714,21.109324,34.729238,10.714648,1.167922,6.380811,38.664601,154.40058,136.551025,142.918752,10.451836,3.920343,6.579235,13.042461,5.477456,26.000000
25.5788,20.62438,32.436459,9.174445,1.867729,6.817977,41.871902,161.381145,133.280775,150.689774,8.139077,4.439938,5.964723,11.228091,8.177389,26.000000
25.805068,21.068982,33.203814,11.278464,1.562864,5.155899,41.480998,151.134853,135.47606,140.236287,8.693284,5.334576,5.902005,12.516391,5.973228,26.000000
23.693431,21.225821,34.018738,11.053442,2.853215,5.738127,51.456817,160.966785,135.665401,147.941642,9.593088,5.31015,5.93493,12.569556,5.056541,26.000000
34.626288,18.859053,34.271671,11.470445,3.054002,6.384855,17.569456,157.429436,161.094906,145.086491,16.489156,8.973245,5.670977,17.802835,4.258355,26.000000
32.294371,18.670264,25.306678,10.434546,4.475169,9.148837,16.451094,171.027597,167.498514,157.798822,19.903439,10.728713,9.04355,20.082411,8.301339,26.000000
32.337187,18.242688,26.791348,9.649875,9.072911,10.034013,13.601165,162.406862,161.08391,148.172721,23.0961,12.284271,11.231529,19.906883,7.652627,26.000000
34.866952,18.299775,25.488579,10.872606,7.437559,8.342267,21.452925,166.091975,158.080098,147.664174,23.766589,5.171049,9.644954,19.304621,4.166684,26.000000
34.429855,20.020318,29.194162,10.887411,5.072558,7.57912,21.456533,174.518281,169.921497,160.981818,16.11764,4.999877,4.836688,17.593712,3.374336,26.000000
34.7776,19.020369,31.537677,10.38368,5.68738,6.135192,26.060432,174.111459,169.704434,160.637306,18.212384,5.42595,6.438997,19.187921,3.273886,26.000000
34.204285,16.975799,26.819102,11.018587,8.000969,7.895191,22.271883,166.432202,159.993101,151.649468,17.943245,5.885758,6.061048,16.513931,4.616852,26.000000
33.606567,19.507772,27.451295,12.411342,8.086752,6.915143,15.473334,164.083189,164.087933,147.750149,20.868062,8.552637,7.82368,17.845028,4.15438,26.000000
32.186813,18.559366,31.958601,11.770695,4.151971,6.804212,22.270513,171.486269,167.96712,158.970346,18.891352,7.898706,8.126341,18.13978,5.840424,26.000000
35.360667,19.018464,26.784114,13.074947,8.306219,7.274822,19.260547,171.120773,170.103323,158.100795,18.850762,10.103754,6.684662,19.262217,5.553349,26.000000
33.383699,18.420794,32.61163,11.745853,3.890842,6.818897,24.918762,173.10479,168.357292,161.471616,17.573954,5.614067,6.583947,17.972924,3.811956,26.000000
40.225899,3.047084,25.163219,23.377675,3.222735,8.363785,68.358111,170.535967,124.643363,100.165125,165.560428,122.548189,140.380501,18.862834,24.488173,27.000000
42.730488,2.675863,23.217573,23.217691,3.991549,6.917626,66.542068,171.201537,125.763899,102.285271,166.212053,123.271679,140.298953,18.380969,25.152208,27.000000
41.168893,2.459691,21.761573,23.048179,4.333091,6.963295,63.939205,171.193652,126.322905,103.473302,167.201556,125.388525,141.367322,17.681679,25.643741,27.000000
39.696784,2.035138,21.407166,23.275486,4.228569,7.029016,65.518763,169.439954,120.851044,99.911627,165.672383,121.922418,140.491673,17.509864,25.645202,27.000000
39.181806,3.403007,23.94035,23.929467,4.428095,7.364622,64.951789,170.681681,122.470752,101.02201,166.043479,123.451274,139.593121,18.227284,25.870679,27.000000
39.489065,3.404428,22.763782,23.136766,4.200958,6.5423,65.686955,170.120435,120.687428,100.125339,165.726062,122.042305,139.930756,17.652763,24.933686,27.000000
40.315406,2.683648,21.654285,23.317051,4.747163,7.692549,65.274161,170.118318,124.127842,101.440841,165.863444,123.801435,140.087949,17.507667,25.404851,27.000000
40.40281,3.035054,21.92504,23.95036,4.53853,7.355005,65.569046,170.323969,123.321104,100.962767,166.656097,123.524547,140.692336,17.546406,25.348852,27.000000
40.343124,2.062061,20.251842,23.809188,4.179078,7.134916,69.249382,171.069606,119.503251,99.733999,166.549344,120.252407,139.861371,18.936572,25.204408,27.000000
42.599433,3.023898,24.095673,23.422142,4.56596,7.203364,65.740052,170.663407,121.989069,100.550087,167.20452,123.787895,140.449209,17.814851,26.649125,27.000000
40.541572,2.80933,21.237944,23.601181,5.102444,7.346739,70.453869,171.42836,119.042537,98.263449,166.209756,120.621539,139.506107,18.320867,25.591031,27.000000
41.90823,2.185364,19.509023,23.579527,4.673443,7.690279,66.378168,170.919708,124.226956,102.625704,167.135513,124.225242,141.017088,17.2275,26.225493,27.000000
42.448626,2.416404,20.543694,23.109961,5.161109,6.915002,65.991314,171.006464,121.420499,99.882158,167.13738,121.94643,139.038379,19.777824,26.224134,27.000000
41.586988,3.234522,20.546532,22.656652,4.474098,6.225181,66.349141,170.403214,121.331441,99.632959,165.395182,120.279218,138.878635,18.713443,25.740993,27.000000
40.231939,2.434339,19.84009,23.411176,4.057041,6.909145,65.914274,171.22553,122.945489,101.090015,166.040254,121.617543,139.577377,19.072027,24.998249,27.000000
41.167827,2.892668,22.848369,22.618786,4.703184,7.006793,68.842419,169.216243,117.42698,96.304715,165.257976,119.548493,138.286702,19.528517,25.801268,27.000000
40.09487,2.932215,21.697651,24.095527,4.176647,7.497789,69.317414,170.552941,120.156385,99.240329,165.624447,121.289433,139.396042,18.21646,25.747543,27.000000
40.057824,2.578868,22.206636,24.013328,4.122893,7.76346,69.988637,170.213683,118.749955,96.658176,166.344113,120.145679,139.286475,19.308513,25.988162,27.000000
39.466116,2.586455,21.543475,23.759134,4.608055,7.528434,70.870849,170.152351,118.231486,96.923322,165.404554,119.456634,139.399464,18.436971,25.519602,27.000000
39.508617,2.244334,22.279651,24.122827,3.794283,8.625315,67.111773,170.04625,122.298165,99.860288,166.727561,122.97238,141.154109,18.104267,25.727599,27.000000
39.518822,1.820247,20.241445,24.022019,4.633326,8.025303,69.477055,169.614539,120.324927,98.873964,164.982212,120.299933,140.212597,17.740411,24.996197,27.000000
41.368422,2.745084,23.722653,23.762639,4.39136,7.455582,69.351159,168.888134,117.966191,95.605855,164.57195,119.240837,137.955432,19.471815,25.861514,27.000000
42.208211,2.569982,22.933075,23.560199,4.215061,7.588924,68.40985,169.016442,119.170713,97.015554,165.475881,120.375346,139.068729,18.003346,26.736512,27.000000
39.646623,2.603271,20.753994,23.692578,4.406172,7.088386,67.907762,169.908081,120.024024,98.558092,164.84105,119.995997,139.266566,17.263953,25.659146,27.000000
40.766788,1.939988,22.496874,23.521545,4.191582,8.043516,68.058247,169.25757,120.242646,97.435566,165.10692,119.720649,138.372864,19.529705,26.09706,27.000000
39.493608,1.493182,20.184788,23.596659,4.419319,7.609129,70.734076,169.090999,117.315284,96.467852,165.211071,119.782963,139.33096,17.998324,25.774636,27.000000
41.979974,1.295838,20.550372,24.51501,4.365142,7.529348,69.347197,170.998554,119.705207,98.27427,166.660481,120.276914,139.010613,19.55263,25.250243,27.000000
26.207301,9.423087,14.581408,23.663273,0.54733,9.995614,66.60566,170.431792,116.509146,100.424783,170.236505,124.951435,151.010578,16.571707,20.098998,27.000000
28.755174,8.387179,15.376151,23.81523,2.021593,10.009885,67.029735,170.088914,117.932676,101.367666,168.672993,123.609582,148.890615,15.707147,19.790626,27.000000
27.960446,8.378484,16.346841,21.759096,2.561593,8.815303,65.180515,170.201229,120.491625,103.579268,168.709935,125.630498,148.092177,15.521687,20.482973,27.000000
26.658332,8.349269,16.648552,23.642345,1.733003,11.003565,66.790666,169.738852,117.561136,101.160436,168.872152,124.686828,149.302924,14.517073,19.561645,27.000000
25.994223,8.68622,15.470699,23.096444,1.997973,10.435666,63.739223,169.21411,119.827705,103.300058,168.194411,126.583814,148.738248,14.001551,19.413855,27.000000
27.324665,8.019923,14.660074,21.709976,2.837083,8.944319,62.864911,168.56831,119.920829,104.075069,167.74595,126.872513,147.275109,13.987328,19.740343,27.000000
27.530775,7.987626,15.42255,21.955626,3.38327,10.182911,66.250492,169.123674,118.522313,103.176342,167.459779,124.741663,147.049847,15.670592,18.577955,27.000000
26.004703,9.306121,15.166808,23.003263,2.563917,10.87968,65.810493,169.064617,118.000747,102.616155,168.204297,126.515638,148.676921,14.35318,18.989825,27.000000
26.548075,8.921313,14.383461,22.27116,3.382317,10.572284,66.616834,168.836198,118.832069,104.158147,167.479873,127.204756,147.596457,14.7696,19.254514,27.000000
28.227442,8.344438,14.874902,20.933852,4.002589,10.339219,66.908109,168.11346,119.064688,103.757225,166.862706,125.316081,147.630197,15.425494,19.110612,27.000000
28.663158,8.840937,15.560522,22.196787,3.753921,10.373626,66.827946,168.800119,120.246542,104.138672,167.817056,126.527783,147.885453,14.70311,19.468633,27.000000
26.567846,9.451273,13.783991,21.359258,3.707298,10.141716,67.171647,168.402004,120.316262,103.937827,167.612817,125.892999,148.755189,14.611582,19.806444,27.000000
38.246264,1.057039,18.226596,29.140728,1.659032,10.680972,61.766784,167.806548,143.833488,110.136879,175.095232,139.120298,160.20791,8.424957,26.344788,27.000000
39.776335,1.460347,17.821008,28.148583,2.992289,12.453942,62.38138,167.454685,147.041116,114.071321,173.59324,143.892409,162.330254,6.844527,28.396143,27.000000
36.357669,1.399323,16.7363,28.761853,0.929404,11.978478,61.562921,166.338641,147.108849,114.056354,173.618159,141.623625,161.037099,8.93675,26.521577,27.000000
39.980447,1.000891,19.529719,28.770327,1.975469,11.469378,61.088402,168.330004,145.766986,112.550597,174.328963,143.290793,159.871691,9.649107,28.691028,27.000000
38.129392,1.538664,17.293949,29.324479,1.214882,10.856705,61.41927,165.939539,146.131004,114.596146,172.847913,141.226371,161.982994,8.2868,26.705597,27.000000
38.265177,1.61587,16.908235,29.021265,1.085479,11.063848,61.288129,166.13086,146.358141,115.76698,173.646164,142.172745,162.253728,6.858269,26.013521,27.000000
37.95184,1.629771,16.657341,28.827098,1.879091,11.215401,61.578595,166.800366,146.009454,114.840541,173.647267,142.64614,161.929362,7.035174,27.608143,27.000000
40.481685,2.08197,15.475323,29.037279,2.12142,11.32927,60.440449,166.690784,149.194258,116.22095,173.026269,144.322776,161.791151,8.609481,27.23613,27.000000
38.262643,1.931933,17.22704,28.641637,2.466679,11.490502,59.329841,168.056266,146.956356,113.41556,173.071424,143.136254,159.485118,10.48497,28.733842,27.000000
36.421151,3.473461,16.119432,21.802283,4.223343,9.297504,88.098988,164.14686,93.688989,68.797351,160.746494,91.926275,138.32617,16.2822,28.188571,27.000000
36.272793,4.176574,14.54655,21.755272,6.677263,9.025911,91.560072,162.290105,94.599394,69.387596,158.750872,94.762883,136.590353,16.111868,29.012984,27.000000
36.666173,3.485073,15.568026,19.991476,7.883656,7.293263,90.503702,162.225635,96.279574,70.448476,158.456765,96.017863,136.206644,16.915787,29.546018,27.000000
42.136143,3.168823,14.060639,21.977611,7.222757,7.903447,85.629915,165.504421,105.650133,78.804203,160.327791,103.865151,136.333029,17.830865,28.584654,27.000000
41.183059,2.510277,15.16768,22.110614,6.641865,8.780926,89.438194,165.126202,100.830074,74.002692,162.371199,101.486937,137.953266,16.20437,30.521726,27.000000
40.269566,3.118584,16.002905,22.154993,7.316109,8.795207,87.929733,163.668061,100.7726,73.779399,158.885824,97.993785,134.907329,18.145447,28.696311,27.000000
42.694161,2.966979,14.952614,22.783863,7.977825,8.770657,86.450351,163.86735,104.577042,76.895113,160.302748,102.939746,136.691128,18.305056,28.113562,27.000000
42.303518,3.120709,15.595015,21.652569,7.338035,7.736843,87.819922,164.421935,101.987106,74.319699,159.403313,99.252559,135.428483,16.563919,29.047533,27.000000
42.134914,2.947091,15.576616,23.52982,9.411308,9.715202,88.141001,163.404079,105.846113,76.253913,161.054069,104.431054,137.928791,17.884027,29.382688,27.000000
43.937358,2.68777,14.980574,24.290003,9.291912,8.344496,89.315305,164.761003,102.32431,75.012719,162.026841,102.733846,136.996221,16.760665,30.651999,27.000000
27.86169,2.055353,20.730012,23.91022,8.571201,10.066669,39.057731,168.042385,145.389264,118.186935,169.289749,150.510133,151.084062,24.29737,23.153349,27.000000
29.473517,2.220043,19.524692,24.737573,8.775617,9.77798,39.431277,166.752458,141.812967,114.839963,169.237093,149.396407,149.228593,24.128249,24.159791,27.000000
28.331569,2.29283,20.111458,25.198157,9.499064,9.571706,37.156906,169.124277,145.721369,116.687211,171.231151,151.266749,149.659719,23.971279,25.730743,27.000000
29.259987,1.433065,18.979344,23.19359,8.668833,8.234181,37.758127,168.712378,143.661826,117.234099,168.81906,148.55619,150.442238,22.669957,24.535629,27.000000
27.117544,2.750052,13.139999,23.433181,9.476454,9.423239,38.320626,168.549518,143.602091,119.011276,169.09907,150.418548,151.560307,22.747487,23.325227,27.000000
27.92605,3.234689,12.318648,22.864184,9.38189,9.240157,37.628508,167.271699,142.760216,118.072325,168.087173,149.122972,150.984801,22.175719,23.255729,27.000000
25.745743,2.776969,14.939224,24.116082,10.942931,9.782603,35.615262,168.664728,142.349308,117.909753,168.178425,146.95542,150.142764,22.878596,23.651491,27.000000
26.108587,3.975426,11.802221,23.510306,10.282773,9.350631,36.474195,168.190096,142.114762,117.328488,168.656047,147.579878,151.027795,23.684889,23.555039,27.000000
25.414558,4.152241,8.688351,24.018262,9.91209,10.037698,36.34341,166.310869,141.345616,118.530227,167.046883,147.952099,151.724031,21.239153,22.729595,27.000000
25.611151,2.943526,9.627988,25.89077,10.144643,9.685656,34.218963,167.927718,144.570526,116.552218,168.047317,146.967432,149.397697,21.267811,23.814326,27.000000
26.326333,2.633597,10.880693,23.486782,10.559456,9.736988,35.050223,167.374176,143.187603,117.168801,166.862219,147.266581,149.322957,22.297837,24.0674,27.000000





















